Electronic energy (B3LYP): -2343.588478740732 Ha.
Lowest frequency:  10.4774 /cm.
Free enthalpy:  -2342.706618 Ha.
Coordinates of the lowest energy conformer found at the B3LYP/6-31G* level
  1  C  -1.787243  -1.847418  -1.548793
  2  C  -1.094888  -3.067726  -1.419700
  3  C  -1.455759  -3.929652  -0.377090
  4  C  -2.457515  -3.603240   0.548509
  5  C  -3.108129  -2.374942   0.416826
  6  C  -2.764511  -1.501313  -0.631021
  7  N  -4.108895  -1.812238   1.232484
  8  C  -3.686089  -0.299322  -0.557642
  9  C  -4.045537  -0.351661   0.972494
 10  C  -3.134778   1.109346  -0.893661
 11  C  -2.864488   0.301386   1.761819
 12  C  -2.752358   1.814356   1.447010
 13  C  -3.611960   2.122541   0.205226
 14  N  -3.576034   1.371784  -2.266870
 15  C  -3.424116   2.761335  -2.694571
 16  C  -4.002580   3.785052  -1.701414
 17  C  -3.399387   3.560130  -0.305455
 18  C  -4.848828  -0.511663  -1.604288
 19  C  -4.887050   0.755227  -2.477231
 20  C  -5.091045   1.885199   0.620701
 21  C  -5.280262   0.520701   1.348926
 22  C  -6.674842  -0.056827   1.128763
 23  O  -7.430819   0.204674   0.210759
 24  O  -7.023473  -0.878895   2.137402
 25  C  -8.327967  -1.484587   2.042177
 26  C  -4.219325  -2.306599   2.600242
 27  C   0.064569  -3.397006  -2.342879
 28  C   1.426265  -2.980727  -1.791921
 29  C   1.626670  -1.685645  -1.271439
 30  C   2.507954  -3.867474  -1.806775
 31  C   3.780729  -3.502758  -1.339545
 32  C   3.955696  -2.214979  -0.833968
 33  C   2.876344  -1.311546  -0.810550
 34  N   5.122579  -1.621556  -0.315981
 35  C   3.346643  -0.043708  -0.111978
 36  C   4.893287  -0.161780  -0.403955
 37  C   2.872162   1.351972  -0.594443
 38  C   5.132849   0.354161  -1.861677
 39  C   4.831154   1.870055  -1.970557
 40  C   4.090436   2.325198  -0.693770
 41  N   1.755502   1.742274   0.376765
 42  C   1.439918   3.218569   0.349923
 43  C   2.654697   4.141189   0.353881
 44  C   3.605098   3.780092  -0.793992
 45  C   2.868082  -0.111431   1.392439
 46  C   2.228370   1.238976   1.717106
 47  C   5.113844   2.165464   0.466488
 48  C   5.780412   0.759678   0.481476
 49  C   6.103814   0.303829   1.902180
 50  O   5.558030   0.686031   2.921445
 51  O   7.137445  -0.555822   1.911901
 52  C   7.538407  -1.055497   3.204209
 53  C   6.405652  -2.184645  -0.722209
 54  O   0.611689   1.046492   0.041494
 55  H  -1.540956  -1.166636  -2.361500
 56  H  -0.930017  -4.876038  -0.266685
 57  H  -2.698223  -4.289668   1.354661
 58  H  -2.035984   1.133078  -0.880880
 59  H  -3.021085   0.133557   2.832946
 60  H  -1.933938  -0.205284   1.490047
 61  H  -3.091798   2.425830   2.293330
 62  H  -1.704449   2.068412   1.253084
 63  H  -2.349244   2.963764  -2.818266
 64  H  -3.883522   2.869536  -3.684279
 65  H  -3.780183   4.801545  -2.050949
 66  H  -5.096254   3.699260  -1.665383
 67  H  -2.317273   3.753549  -0.358514
 68  H  -3.808506   4.279580   0.417242
 69  H  -5.814463  -0.707182  -1.143211
 70  H  -4.603837  -1.380336  -2.220296
 71  H  -5.017788   0.517228  -3.541159
 72  H  -5.732941   1.403856  -2.195970
 73  H  -5.401128   2.695133   1.292731
 74  H  -5.762116   1.923080  -0.238201
 75  H  -5.223806   0.676865   2.431879
 76  H  -8.421759  -2.113469   2.926900
 77  H  -9.104519  -0.716151   2.033919
 78  H  -8.402944  -2.087086   1.133832
 79  H  -3.272992  -2.246729   3.160314
 80  H  -4.533782  -3.355352   2.579266
 81  H  -4.987776  -1.743868   3.130086
 82  H  -0.102025  -2.901928  -3.310359
 83  H   0.084410  -4.473729  -2.550502
 84  H   0.815109  -0.967833  -1.206232
 85  H   2.366360  -4.871056  -2.203134
 86  H   4.600514  -4.213395  -1.381099
 87  H   2.360678   1.325292  -1.557945
 88  H   6.168524   0.143486  -2.146659
 89  H   4.493360  -0.215830  -2.541670
 90  H   4.223516   2.082421  -2.857996
 91  H   5.754747   2.452161  -2.071850
 92  H   0.864456   3.337287  -0.570731
 93  H   0.769190   3.390849   1.194822
 94  H   2.290493   5.168793   0.239029
 95  H   3.173207   4.106719   1.319332
 96  H   3.077548   3.917526  -1.748344
 97  H   4.467367   4.457593  -0.809518
 98  H   2.115999  -0.895987   1.472737
 99  H   3.669484  -0.343358   2.089871
100  H   2.931645   1.945238   2.161190
101  H   1.340135   1.171156   2.343841
102  H   4.667325   2.353601   1.442561
103  H   5.887474   2.930049   0.334984
104  H   6.754943   0.814269  -0.014955
105  H   8.369954  -1.731401   3.008425
106  H   6.711952  -1.590403   3.677820
107  H   7.856126  -0.231668   3.847334
108  H   7.216356  -1.601280  -0.286007
109  H   6.487596  -3.204483  -0.332823
110  H   6.533441  -2.226095  -1.815090
