Electronic energy (B3LYP): -2343.559551530732 Ha.
Lowest frequency:  12.7522 /cm.
Free enthalpy:  -2342.699835 Ha.
Coordinates of the lowest energy conformer found at the B3LYP/6-31G* level
  1  C  -1.759513  -1.916219  -1.429656
  2  C  -1.067023  -3.127269  -1.230985
  3  C  -1.445994  -3.940311  -0.155888
  4  C  -2.469536  -3.576155   0.731611
  5  C  -3.124216  -2.359679   0.527548
  6  C  -2.757886  -1.533155  -0.550396
  7  N  -4.149227  -1.765791   1.288904
  8  C  -3.682318  -0.332288  -0.554254
  9  C  -4.083710  -0.317148   0.965909
 10  C  -3.117269   1.057914  -0.936255
 11  C  -2.927161   0.372903   1.759908
 12  C  -2.801623   1.870030   1.379316
 13  C  -3.625188   2.120088   0.100348
 14  N  -3.514298   1.257579  -2.333410
 15  C  -3.344792   2.626132  -2.818756
 16  C  -3.951500   3.694535  -1.891664
 17  C  -3.392813   3.532461  -0.468638
 18  C  -4.815620  -0.589659  -1.622655
 19  C  -4.819966   0.634037  -2.556502
 20  C  -5.116386   1.900661   0.481487
 21  C  -5.328324   0.570673   1.266546
 22  C  -6.717363  -0.015731   1.034885
 23  O  -7.448399   0.204892   0.086495
 24  O  -7.094109  -0.791675   2.069762
 25  C  -8.397778  -1.398227   1.968087
 26  C  -4.300334  -2.200747   2.672776
 27  C   0.095635  -3.503541  -2.131000
 28  C   1.462200  -3.044825  -1.627348
 29  C   1.653309  -1.743521  -1.116757
 30  C   2.570317  -3.894754  -1.702778
 31  C   3.858894  -3.488055  -1.320544
 32  C   4.024592  -2.196690  -0.823148
 33  C   2.913613  -1.336823  -0.714711
 34  N   5.205293  -1.553298  -0.404540
 35  C   3.397900  -0.062173  -0.046313
 36  C   4.908343  -0.101911  -0.463332
 37  C   2.791604   1.291025  -0.464514
 38  C   5.001935   0.444103  -1.924467
 39  C   4.599742   1.941056  -1.975648
 40  C   3.920589   2.338186  -0.641157
 41  N   1.677632   1.642741   0.569403
 42  C   2.007072   2.899812   1.341244
 43  C   2.300815   4.075425   0.415377
 44  C   3.308635   3.748578  -0.721239
 45  C   3.047734  -0.145667   1.474895
 46  C   1.651026   0.452860   1.520684
 47  C   5.040254   2.228100   0.438031
 48  C   5.801436   0.867094   0.365309
 49  C   6.278575   0.399659   1.739231
 50  O   5.803956   0.713664   2.815555
 51  O   7.365422  -0.383704   1.628803
 52  C   7.915125  -0.889340   2.862882
 53  C   6.471373  -2.059862  -0.924791
 54  O   0.471478   1.814961  -0.062867
 55  H  -1.500631  -1.273284  -2.268808
 56  H  -0.921341  -4.879406   0.008383
 57  H  -2.725386  -4.226194   1.562860
 58  H  -2.019501   1.076354  -0.889506
 59  H  -3.117072   0.254322   2.832235
 60  H  -1.992421  -0.153054   1.542513
 61  H  -3.168512   2.517257   2.186936
 62  H  -1.749805   2.120434   1.201537
 63  H  -2.265984   2.820817  -2.916919
 64  H  -3.772293   2.689958  -3.826489
 65  H  -3.715236   4.693738  -2.279911
 66  H  -5.046079   3.612050  -1.886515
 67  H  -2.309049   3.719433  -0.496030
 68  H  -3.822280   4.284897   0.207250
 69  H  -5.795425  -0.756610  -1.180773
 70  H  -4.559681  -1.488973  -2.188215
 71  H  -4.917004   0.345351  -3.611468
 72  H  -5.672277   1.297230  -2.334694
 73  H  -5.446140   2.740130   1.106271
 74  H  -5.762005   1.898314  -0.397596
 75  H  -5.302327   0.777105   2.342196
 76  H  -8.449518  -2.045185   1.089161
 77  H  -8.518739  -1.981975   2.880020
 78  H  -9.170752  -0.629222   1.899463
 79  H  -3.373612  -2.107197   3.260359
 80  H  -4.605102  -3.252440   2.687609
 81  H  -5.090520  -1.622714   3.151822
 82  H   0.123875  -4.591014  -2.269204
 83  H  -0.079235  -3.075565  -3.128812
 84  H   0.817716  -1.051459  -1.050618
 85  H   2.438051  -4.901804  -2.092939
 86  H   4.697443  -4.169483  -1.425399
 87  H   2.212522   1.235068  -1.385775
 88  H   6.022339   0.302525  -2.294580
 89  H   4.344822  -0.152280  -2.564154
 90  H   3.918859   2.126893  -2.813959
 91  H   5.476314   2.580996  -2.130677
 92  H   1.121046   3.088671   1.948640
 93  H   2.843562   2.689954   2.011190
 94  H   1.356308   4.408932  -0.020345
 95  H   2.670932   4.894112   1.041741
 96  H   2.786929   3.825398  -1.682313
 97  H   4.113775   4.491815  -0.748259
 98  H   3.061936  -1.174967   1.842306
 99  H   3.734258   0.433055   2.092336
100  H   1.325016   0.792251   2.505699
101  H   0.896833  -0.212800   1.103019
102  H   4.661354   2.365233   1.451042
103  H   5.749720   3.045078   0.267074
104  H   6.724059   1.000286  -0.209009
105  H   8.238123  -0.063129   3.500272
106  H   8.766260  -1.503261   2.570861
107  H   7.171663  -1.489743   3.392020
108  H   7.289611  -1.438279  -0.561715
109  H   6.634459  -3.073850  -0.546035
110  H   6.501123  -2.096983  -2.024640
