Electronic energy (B3LYP): -2343.5617980407314 Ha.
Lowest frequency:  7.7633 /cm.
Free enthalpy:  -2342.706983 Ha.
Coordinates of the lowest energy conformer found at the B3LYP/6-31G* level
  1  C   1.807135   1.911974  -1.406281
  2  C   1.097237   3.125087  -1.289299
  3  C   1.443270   3.999768  -0.253886
  4  C   2.446148   3.694636   0.679038
  5  C   3.117362   2.477230   0.558936
  6  C   2.790254   1.588029  -0.487687
  7  N   4.121338   1.934693   1.381019
  8  C   3.760350   0.423472  -0.395996
  9  C   4.063570   0.471714   1.136395
 10  C   3.324214  -1.016814  -0.772563
 11  C   2.842930  -0.142399   1.904615
 12  C   2.611036  -1.628630   1.537403
 13  C   3.562405  -2.008166   0.392200
 14  N   4.174753  -1.390099  -1.893597
 15  C   3.796648  -2.631956  -2.529528
 16  C   3.969143  -3.755950  -1.489423
 17  C   3.270856  -3.426139  -0.152120
 18  C   4.928305   0.717270  -1.408232
 19  C   4.569327  -0.188289  -2.598751
 20  C   5.019783  -1.838937   0.897139
 21  C   5.266444  -0.430518   1.542199
 22  C   6.661980   0.158564   1.347263
 23  O   7.053050   1.164036   1.911574
 24  O   7.462987  -0.571960   0.545376
 25  C   8.809093  -0.082489   0.385556
 26  C   4.264786   2.450553   2.735091
 27  C  -0.060084   3.432502  -2.224040
 28  C  -1.422064   3.008478  -1.681402
 29  C  -1.642649   1.686221  -1.242052
 30  C  -2.483434   3.917007  -1.619418
 31  C  -3.756894   3.549851  -1.155819
 32  C  -3.952442   2.236152  -0.732059
 33  C  -2.892441   1.310376  -0.782626
 34  N  -5.126486   1.633372  -0.241738
 35  C  -3.383746   0.010510  -0.161088
 36  C  -4.929105   0.178607  -0.431609
 37  C  -2.940947  -1.361282  -0.733049
 38  C  -5.189191  -0.230466  -1.919828
 39  C  -4.910228  -1.738950  -2.139588
 40  C  -4.180096  -2.298412  -0.898885
 41  N  -1.836714  -1.839596   0.212640
 42  C  -1.552019  -3.316955   0.086891
 43  C  -2.785387  -4.212368   0.021940
 44  C  -3.724406  -3.752481  -1.099997
 45  C  -2.895466  -0.024936   1.340929
 46  C  -2.303880  -1.413747   1.581332
 47  C  -5.202055  -2.200746   0.269174
 48  C  -5.830048  -0.782600   0.395563
 49  C  -6.124892  -0.424764   1.850258
 50  O  -5.578903  -0.896733   2.831054
 51  O  -7.133699   0.459708   1.937261
 52  C  -7.506573   0.871674   3.268359
 53  C  -6.401115   2.249035  -0.594580
 54  O  -0.677807  -1.148115  -0.074910
 55  H   1.558769   1.221776  -2.209840
 56  H   0.902948   4.938855  -0.151365
 57  H   2.670031   4.389128   1.483138
 58  H   2.250411  -1.047526  -1.043834
 59  H   3.024277  -0.025750   2.978736
 60  H   1.951322   0.445353   1.669360
 61  H   2.790445  -2.285001   2.398751
 62  H   1.570333  -1.774289   1.224382
 63  H   2.751866  -2.613646  -2.904653
 64  H   4.447479  -2.811434  -3.393378
 65  H   3.572718  -4.699560  -1.885872
 66  H   5.043185  -3.904462  -1.323002
 67  H   2.183318  -3.500855  -0.299885
 68  H   3.532620  -4.182314   0.600740
 69  H   5.897276   0.399663  -1.020399
 70  H   4.988524   1.776795  -1.668472
 71  H   3.765002   0.261718  -3.214841
 72  H   5.422757  -0.383552  -3.258963
 73  H   5.244278  -2.617689   1.635526
 74  H   5.701994  -1.979160   0.059633
 75  H   5.212425  -0.529678   2.633932
 76  H   9.304839  -0.803772  -0.263451
 77  H   8.802118   0.907418  -0.076743
 78  H   9.311474  -0.027344   1.354064
 79  H   3.351673   2.346533   3.342169
 80  H   4.520334   3.514245   2.688127
 81  H   5.091814   1.936611   3.225579
 82  H   0.119483   2.930507  -3.185351
 83  H  -0.088745   4.507175  -2.440687
 84  H  -0.847108   0.947328  -1.243644
 85  H  -2.325848   4.940598  -1.953552
 86  H  -4.561943   4.278126  -1.140299
 87  H  -2.425520  -1.283363  -1.691642
 88  H  -6.224254   0.014149  -2.178810
 89  H  -4.547876   0.377451  -2.564206
 90  H  -4.303526  -1.894712  -3.039314
 91  H  -5.842381  -2.297552  -2.284927
 92  H  -0.973797  -3.384051  -0.837257
 93  H  -0.890269  -3.561322   0.920997
 94  H  -2.441435  -5.236462  -0.164446
 95  H  -3.306648  -4.235912   0.986131
 96  H  -3.196872  -3.833834  -2.060765
 97  H  -4.600239  -4.409413  -1.163920
 98  H  -2.113212   0.724465   1.458753
 99  H  -3.683642   0.197543   2.056362
100  H  -3.034409  -2.123187   1.972440
101  H  -1.420154  -1.416715   2.217904
102  H  -4.764877  -2.478901   1.227643
103  H  -5.995941  -2.930652   0.075806
104  H  -6.811330  -0.775117  -0.090333
105  H  -6.661126   1.349057   3.769152
106  H  -7.837985   0.010416   3.852860
107  H  -8.322501   1.580887   3.134456
108  H  -7.219769   1.655360  -0.188050
109  H  -6.456756   3.242367  -0.137917
110  H  -6.539487   2.365319  -1.680780
