Electronic energy (B3LYP): -2343.5640605507315 Ha.
Lowest frequency:  5.7766 /cm.
Free enthalpy:  -2342.707242 Ha.
Coordinates of the lowest energy conformer found at the B3LYP/6-31G* level
  1  C   1.996342   0.233195   2.043633
  2  C   1.205176  -0.633913   2.827138
  3  C   1.496392  -2.001237   2.803438
  4  C   2.534175  -2.533352   2.020649
  5  C   3.302200  -1.656530   1.256067
  6  C   3.022527  -0.274959   1.267503
  7  N   4.380718  -1.944252   0.398261
  8  C   4.079617   0.416771   0.426454
  9  C   4.484009  -0.778191  -0.512158
 10  C   3.690530   1.630907  -0.452875
 11  C   3.418370  -0.867935  -1.653290
 12  C   3.495233   0.371698  -2.580242
 13  C   4.327768   1.461662  -1.876563
 14  N   4.102029   2.806971   0.316319
 15  C   4.100480   4.057329  -0.441597
 16  C   4.839045   3.967744  -1.788662
 17  C   4.270507   2.808131  -2.622247
 18  C   5.174219   0.995691   1.406401
 19  C   5.319045   2.490059   1.066512
 20  C   5.782241   0.917438  -1.801033
 21  C   5.827648  -0.545296  -1.266806
 22  C   7.134593  -0.848179  -0.540338
 23  O   7.882531  -0.036112  -0.026891
 24  O   7.417846  -2.163971  -0.583374
 25  C   8.637268  -2.574261   0.067062
 26  C   4.479934  -3.299613  -0.131268
 27  C   0.063765  -0.086304   3.671366
 28  C  -1.071571   0.527121   2.864621
 29  C  -1.861253  -0.278775   2.018073
 30  C  -1.355104   1.894439   2.941408
 31  C  -2.385731   2.487156   2.194743
 32  C  -3.151944   1.671469   1.363453
 33  C  -2.880210   0.291878   1.275667
 34  N  -4.222184   2.030506   0.522683
 35  C  -3.939517  -0.331741   0.377865
 36  C  -4.323553   0.940405  -0.473094
 37  C  -3.573151  -1.471814  -0.606457
 38  C  -3.238069   1.099768  -1.588923
 39  C  -3.303858  -0.073821  -2.598714
 40  C  -4.196484  -1.189025  -2.010378
 41  N  -4.017202  -2.751328   0.102003
 42  C  -4.129673  -3.932392  -0.831235
 43  C  -4.836289  -3.647023  -2.152862
 44  C  -4.174324  -2.463506  -2.870080
 45  C  -5.050861  -0.966981   1.304532
 46  C  -5.311832  -2.379379   0.779556
 47  C  -5.630668  -0.590524  -1.947645
 48  C  -5.661228   0.803082  -1.256120
 49  C  -6.968315   1.030263  -0.500890
 50  O  -7.706746   0.165604  -0.065194
 51  O  -7.257747   2.340626  -0.416866
 52  C  -8.476915   2.680638   0.274906
 53  C  -4.308509   3.422170   0.093595
 54  O  -3.100278  -3.060768   1.080239
 55  H   1.794863   1.302832   2.047025
 56  H   0.894617  -2.680504   3.403625
 57  H   2.716660  -3.603617   2.013892
 58  H   2.602084   1.690834  -0.601610
 59  H   3.583109  -1.789925  -2.220852
 60  H   2.426830  -0.948451  -1.197594
 61  H   3.958488   0.118926  -3.542521
 62  H   2.488749   0.745815  -2.804137
 63  H   3.053683   4.337685  -0.634183
 64  H   4.528387   4.843645   0.191227
 65  H   4.727417   4.914566  -2.332371
 66  H   5.914653   3.828445  -1.620698
 67  H   3.218648   3.031264  -2.857164
 68  H   4.792926   2.726020  -3.585121
 69  H   6.128982   0.479292   1.338324
 70  H   4.816560   0.879207   2.432045
 71  H   5.369924   3.113615   1.968650
 72  H   6.247653   2.678900   0.503221
 73  H   6.220034   0.945372  -2.806457
 74  H   6.414733   1.544157  -1.171426
 75  H   5.825984  -1.240362  -2.113642
 76  H   8.687146  -3.654645  -0.064073
 77  H   9.498399  -2.090966  -0.400250
 78  H   8.607655  -2.317741   1.128643
 79  H   3.565141  -3.630375  -0.647467
 80  H   4.672757  -3.994167   0.693022
 81  H   5.324079  -3.362193  -0.817814
 82  H   0.449949   0.673778   4.363518
 83  H  -0.326812  -0.899637   4.296958
 84  H  -1.692459  -1.348742   1.933056
 85  H  -0.754167   2.524974   3.593664
 86  H  -2.564966   3.555564   2.265307
 87  H  -2.497276  -1.615408  -0.718767
 88  H  -3.389892   2.057492  -2.096832
 89  H  -2.254234   1.144098  -1.113127
 90  H  -2.300216  -0.461936  -2.808170
 91  H  -3.725189   0.250955  -3.557483
 92  H  -3.089658  -4.220520  -0.999761
 93  H  -4.610284  -4.721877  -0.248713
 94  H  -4.768551  -4.551521  -2.768583
 95  H  -5.905884  -3.463296  -1.996357
 96  H  -3.130936  -2.724840  -3.096166
 97  H  -4.666389  -2.270126  -3.830972
 98  H  -4.653847  -1.025848   2.317642
 99  H  -5.968594  -0.384733   1.337953
100  H  -6.140766  -2.422126   0.071152
101  H  -5.464482  -3.123389   1.560496
102  H  -6.334419  -1.250684  -1.441073
103  H  -5.995047  -0.490822  -2.976103
104  H  -5.649072   1.587493  -2.020078
105  H  -8.441082   2.322604   1.306369
106  H  -9.337115   2.240350  -0.234484
107  H  -8.531508   3.768286   0.248618
108  H  -5.150465   3.543878  -0.587649
109  H  -4.497851   4.054707   0.966806
110  H  -3.389457   3.781825  -0.394684
